Puzzles taken from sudoku-solutions.com

Puzzle Difficulty Key
Simple: Naked Single, Hidden Single
Easy: Naked Pair, Hidden Pair, Pointing Pairs
Medium: Naked Triple, Naked Quad, Pointing Triples, Hidden Triple, Hidden Quad
Hard: XWing, Swordfish, Jellyfish, XYWing, XYZWing

Blank Board
[[0,0,0,0,0,0,0,0,0],
[0,0,0,0,0,0,0,0,0],
[0,0,0,0,0,0,0,0,0],
[0,0,0,0,0,0,0,0,0],
[0,0,0,0,0,0,0,0,0],
[0,0,0,0,0,0,0,0,0],
[0,0,0,0,0,0,0,0,0],
[0,0,0,0,0,0,0,0,0],
[0,0,0,0,0,0,0,0,0]]

Solved
Simple
[[0,2,1,4,9,0,0,0,0],
[9,0,3,6,2,0,0,5,0],
[0,7,0,8,5,0,0,9,0],
[0,6,0,0,0,0,0,7,9],
[0,0,0,0,6,0,0,0,2],
[0,3,0,0,0,0,0,6,0],
[0,9,0,0,0,6,0,8,0],
[0,1,0,0,8,0,7,0,0],
[0,0,2,0,3,5,9,0,0]]

Solved
Simple
[[0,0,0,0,2,1,8,0,0],
[3,0,0,8,0,0,0,4,0],
[0,7,2,3,0,0,0,5,0],
[0,1,0,0,0,3,0,0,9],
[7,5,0,0,0,0,0,1,6],
[4,0,0,1,0,0,0,2,0],
[0,2,0,0,0,6,9,8,0],
[0,6,0,0,0,8,0,0,5],
[0,0,7,5,3,0,0,0,0]]

Solved
Simple
[[7,0,0,0,0,5,0,0,9],
[0,0,5,2,0,0,0,1,0],
[0,0,0,1,0,0,0,0,5],
[0,7,0,0,0,0,8,0,0],
[9,0,0,6,0,1,0,0,4],
[0,0,4,0,0,0,0,2,0],
[2,0,0,0,0,8,0,0,0],
[0,3,0,0,0,7,9,0,0],
[8,0,0,3,0,0,0,0,6]]

Unsolved
Easy
[[0,0,6,3,0,2,0,0,0],
[3,4,0,0,0,0,7,0,0],
[0,0,1,4,0,0,0,0,0],
[0,0,0,0,0,5,0,0,0],
[0,0,3,9,2,0,0,1,0],
[8,0,0,0,0,0,0,6,3],
[0,9,0,8,0,0,0,4,0],
[5,0,0,0,0,3,0,0,0],
[0,0,0,0,1,0,0,8,6]]

Unsolved
Easy
[[0,8,0,1,0,6,0,0,0],
[0,0,6,0,2,0,0,0,0],
[0,2,0,0,0,3,0,0,7],
[2,4,0,7,0,0,0,0,1],
[8,0,0,0,0,0,0,0,3],
[5,0,0,0,0,2,0,6,9],
[1,0,0,2,0,0,0,8,0],
[0,0,2,0,3,0,1,0,0],
[0,0,8,5,0,1,0,7,0]]
